91369	7494	91675	96341	75745	44422	46390	9542	55227	75115	58309	18885	66984	46665	55753	63808	37082	16576	21766	48168
72084	78298	76612	14265	86500	88239	37658	27372	1148	23056	6108	76375	77850	1930	92236	33209	6732	30281	60503	85789
60243	82979	7557	76012	39081	95464	49507	85056	98519	89533	85290	41934	70656	9484	58670	11840	340	8170	33145	82236
92883	70039	41323	29276	71759	41767	61183	71943	94415	98495	50522	24611	48789	82156	47311	19009	79333	11095	97147	54889
94427	24479	42407	62417	65501	34849	55578	34995	37292	2497	31265	3570	36573	49749	72554	81641	34677	6765	24750	24296
67143	210	78923	60481	99722	94965	92661	62111	99679	91584	58187	7179	24246	40522	28331	33922	9921	94260	36803	53544
36365	97562	6888	44587	19651	15833	18032	29316	56613	43093	57319	65238	69267	18558	49374	81902	21434	24191	52506	88359
17846	1922	6759	47746	5601	89451	58152	66421	1186	19275	33805	76349	45359	48217	91175	87425	57819	6232	30555	15101
46685	64194	5484	69703	86223	10054	87736	83409	33326	3384	41304	20979	98494	19858	57046	39743	15677	32862	59295	89724
15964	1691	88796	53858	58884	34878	67359	18515	73802	80362	35263	6738	10616	40303	19228	63447	38778	72125	74997	37959
43686	51687	67245	14065	10971	59484	10075	14261	60420	94239	76797	9819	50840	35063	85004	4123	17397	97809	19432	99912
31662	7848	84975	59917	2736	69630	36291	5567	42483	81466	97401	22013	70843	71450	51928	67055	86899	60862	77083	67730
93893	78681	7455	9258	247	21100	97383	35930	92914	4997	70344	3079	78765	87733	10898	69383	95747	98572	39474	14337
52843	96373	36531	63623	10779	23770	10249	41415	97162	42725	8604	7620	78104	66724	57830	34484	66220	3625	9945	51606
46745	369	40392	7302	4917	49338	6081	9509	36412	88036	49743	78636	34924	17349	52291	65355	36581	39736	61368	9587
14161	3509	77672	33932	32197	67445	12322	87809	25304	89219	27458	47288	33921	81272	89946	64601	70601	51846	86530	99405
44547	48383	71739	32642	15299	83163	5943	20956	22651	97167	72038	17066	87457	35254	16162	88160	75025	5042	93055	737
74562	47651	89812	520	75117	36369	46053	53976	79525	31275	49710	70677	73625	98203	41192	52966	14641	75887	37155	12868
65329	73944	53238	31326	64695	73308	41941	13960	86514	33218	99883	17538	57373	53500	81948	17369	97989	62828	20708	4272
90736	10251	12076	44954	27872	97658	25122	42711	95395	11355	8348	60742	84558	79511	4209	37401	50570	20253	65537	13971
83295	58075	59909	7816	58271	2260	5779	49971	9306	29167	83584	54264	58861	28289	53469	10841	77250	26959	8546	23756
28985	93753	89657	93511	43307	11905	66185	28284	94926	60397	53314	38248	53948	85738	63172	14346	87731	32074	10052	46724
29132	22893	70783	51226	68638	99519	34308	16034	36760	5688	6197	21250	58571	51403	42603	70719	70006	89639	54644	2058
47746	98462	83031	76792	38004	67421	62518	65310	27997	99144	3791	9550	22230	76673	23596	94689	47082	40837	90611	20988
22709	5031	61113	8023	11248	85507	38556	10937	71272	70381	25506	59196	41526	76775	92658	82469	6293	42167	20425	90993
66986	70826	4911	77353	54696	92167	82330	68803	42438	94816	42610	7341	19749	29303	61005	46411	81741	63729	28416	97037
48833	85072	73572	87918	93685	79743	47932	50383	64677	91835	18571	98852	27865	84878	71571	37789	63289	27587	49912	93494
22736	19316	4761	73500	78646	46462	45451	18209	23315	39263	52066	50981	26918	1078	74203	10814	30953	39596	62060	11305
84306	42347	60925	56874	52178	22437	37186	57514	1341	39074	66555	17609	98055	38508	58351	26014	92659	45978	69256	9125
99651	51958	59627	90847	86055	98134	83867	83517	96055	16520	18575	9877	63166	94527	56949	76034	27775	93611	41819	22117
89687	45759	16103	33803	81516	18017	66594	92016	28018	70161	54060	51246	94888	14572	25200	46228	70047	58882	24727	96588
71	23843	7097	69698	93988	91473	55467	97326	1826	68819	8213	13494	86994	1771	60769	12364	36787	44352	60047	64365
78068	35422	43981	72682	81445	38180	93608	37445	28258	17743	37568	73198	80141	14451	5574	10620	10010	31158	28369	39867
93855	72184	17610	69165	87565	5954	23510	72292	92936	81616	84077	4820	62644	92251	88988	19556	45874	94650	9476	25109
20550	30401	51393	37588	40398	59379	50688	11135	58372	40571	33456	6521	28849	94575	4321	23109	87270	60735	18815	72106
46430	64971	40429	32583	27379	91177	2871	34967	9940	56968	83195	88126	56230	64617	32888	44714	48519	31263	18421	45700
81887	31915	61390	42056	7677	60336	35108	14252	29552	78508	46845	13489	65028	70744	47816	37534	21389	85388	53588	36598
93023	98957	37794	64893	58887	77438	11658	88142	12951	7504	45666	36526	63104	35467	82586	55106	63874	11542	7369	20007
51754	19063	48133	65689	24692	27095	25960	32433	21053	56547	77280	73817	66767	93404	71680	7602	73411	80468	85800	94286
7845	89010	795	50811	90364	19342	81280	95627	13972	5041	2848	36276	91689	12212	56064	49906	58333	85870	47801	47743
74380	64006	54635	87419	70134	26693	57900	61925	40593	79993	24066	32232	11935	15271	76953	81245	38496	65644	13464	82536
2245	22312	10036	82608	46146	14118	20914	75419	13777	60589	24260	97762	70278	23325	38721	30519	4027	98236	34339	41754
11612	27571	98370	89966	13114	82938	9014	40378	482	59613	65507	72827	21142	53803	906	51649	67807	37852	24899	57695
71802	97512	78133	13200	3279	56302	25305	65102	23822	87490	16065	59696	93472	89248	26785	22242	69515	66342	8869	19310
68767	65594	68470	46786	9167	41869	28186	19102	79638	43792	5206	735	64229	93308	44415	33336	9825	75548	12562	48234
56121	28065	77002	3521	84716	18606	37191	62247	90769	52185	59824	90885	99979	67657	71292	63458	15133	92696	40734	47505
66501	85034	83952	96736	5738	46443	3843	17731	14503	47075	89368	45481	28425	22946	74311	50320	55061	37769	85796	79202
22095	487	64764	11192	78113	29769	96235	68370	38849	99092	56422	10635	7363	42257	88527	53624	85505	74863	19410	58298
99234	47773	33339	73527	95754	32088	29670	82684	60943	62959	52850	64405	8696	19360	73286	82249	11196	50276	10194	30722
90102	11261	19562	99520	10580	56490	61909	42372	71930	82437	59699	5641	57013	26708	26546	43336	76361	40247	23270	16813
85153	84009	69111	16613	28506	65265	81279	34856	43943	12684	59738	39665	49246	84703	48411	42474	71163	9877	17137	62544
36545	55575	83472	97445	13111	78582	75855	74843	29838	27144	71835	46662	93340	71818	23257	46502	77972	65562	36340	8276
74712	91831	43668	57566	87088	13473	93554	14728	5422	35156	58317	95006	27476	72203	5539	70605	29675	91819	44333	10146
53876	72082	95366	76887	36845	75388	98767	24841	31667	22350	50890	46756	53483	73155	7861	44147	33544	56701	25628	40393
34750	32772	17013	25677	9471	70944	17628	97905	97562	87034	17703	13236	9394	33174	96871	45137	41959	11804	96175	18177
81890	3542	38266	22198	38475	88363	6218	41948	28318	66625	84372	63973	64104	3877	47267	56386	39520	60224	50766	18632
40092	80293	34487	39623	35164	57413	32238	96963	757	53190	56825	68559	25769	70287	76306	19545	72814	3282	57704	63044
63816	9725	9996	55452	5445	57523	28687	41086	39881	52449	19904	30006	6225	72413	54171	15907	44381	18264	58248	67706
20410	41986	79531	96645	71342	36322	71250	10386	9921	10313	39579	28935	52018	44966	75668	75542	98146	34885	47782	87936
25968	65192	39418	37910	95321	28372	87038	51738	81537	9229	4947	86051	25576	8880	98449	55473	39028	70289	13606	33979
31467	70876	80921	51778	92008	69053	55138	31300	83749	6730	3234	7623	24529	3891	5071	87162	50791	16998	12875	25965
45375	7594	67567	32313	36937	74153	8698	22007	81355	82010	73940	40814	41680	422	28622	23347	10029	49288	5222	73123
71403	23164	51610	45558	1101	3224	61442	6358	53237	96800	35942	72046	26573	80694	43088	90817	3436	28817	12227	56261
73263	80443	88715	88162	72235	59389	23187	72775	47682	12340	78189	4027	73986	48754	66332	40694	72627	169	46959	988
59670	46596	75285	62845	62232	46954	97333	87420	43827	92132	31502	72744	19792	15773	1228	30784	2303	87863	3947	96325
81925	51727	51778	9601	43246	20237	25768	98636	20489	48437	21866	24842	12186	53984	15495	8892	69030	70742	63769	13253
35229	38484	14847	41955	65852	17574	56642	69451	78523	77078	72568	12902	33198	65806	97037	17978	12241	95259	50367	18565
55977	35831	80432	2708	87213	62714	28574	81797	88083	57586	57621	15021	15319	61297	64580	99384	18317	96971	218	65862
69158	21246	93972	19887	97561	92200	20667	55164	27384	53958	37067	69324	23323	37977	4565	44309	97962	14004	20129	71858
4578	68805	12484	64600	52348	4671	18149	10552	17162	57	39013	43595	52073	1054	88325	79986	90264	54822	99766	73598
19321	46766	81695	44349	10896	41302	48841	24129	94884	39591	38527	40397	72405	93701	63410	58620	65568	53990	37150	43351
16066	64959	3398	33385	94730	40289	42279	7952	31261	61747	92922	33417	73605	80733	94750	93546	26100	35708	32792	96805
67070	11642	15869	16468	30687	16872	44497	59809	68644	61427	71533	32139	96883	51921	18810	54816	43882	11217	47927	54101
74524	37849	14659	12697	92860	3432	42855	7959	10035	48897	76639	38954	81733	35135	25109	49142	58431	30700	87308	38641
9427	38690	14050	14659	99386	8866	48611	92535	2656	54860	24793	14173	99629	49739	20704	2771	61465	61467	8958	47493
1081	1583	61178	96973	32895	23538	99776	90846	26080	40544	33701	99708	69490	28409	84612	1218	45267	42780	97149	9460
83012	9998	92214	96347	63433	26522	42854	62932	25112	74477	22420	65808	1157	87531	36085	98245	36341	47584	35026	58250
67961	1386	4373	21271	1424	47173	42676	6313	59662	54200	45724	74221	38859	54438	58071	30055	80379	87929	20538	68812
73371	38462	61763	29645	10198	88128	98976	94344	62236	2945	79162	90922	96542	84550	16421	9925	97776	30471	86525	46546
91618	47428	75420	33402	77852	28455	93267	66764	86393	55664	94458	6006	54054	6571	55193	21936	11056	84283	78833	63948
94259	57764	53197	70394	479	10405	62614	41250	67983	26615	96665	51623	53005	29173	8899	4132	69303	50635	62523	14295
28572	3564	55314	41776	62745	24532	38380	7915	52665	82516	76018	19039	63811	93214	87123	62879	90561	30586	47296	26591
48251	1832	43282	81034	66161	26817	12811	31369	82632	4227	43397	81879	47487	63909	98351	2667	54576	73265	45517	41688
13131	99241	13013	95359	25416	75945	5300	57558	45446	51431	84942	30301	51651	94050	80055	56314	33025	35989	65051	82753
9900	97390	39975	72778	78630	20966	97039	33942	72165	76536	4723	75622	38188	3541	12388	6967	64698	53241	62914	87439
46032	16861	19763	12116	827	55979	60881	67532	76427	6243	90041	38218	68288	46160	33057	88124	68486	67940	57905	32960
26411	51819	33611	90629	50633	78230	54234	94132	71061	33407	65714	44270	75387	38500	28170	83483	48738	85909	54861	33387
4733	26011	55021	16431	17702	15030	18948	59932	90670	86568	9759	90336	63536	53969	21416	19275	28916	67735	35823	36870
84176	63825	70067	33862	20256	59061	94224	62981	36967	43219	89134	68487	18222	64641	21152	96571	73745	4891	5280	13292
61435	32868	4687	16872	2213	32493	714	84252	2112	50627	98021	74119	44004	59314	88005	59150	49985	45595	67281	43568
88694	25988	57922	61436	35984	75728	49198	84678	68533	63486	17813	23842	83110	31115	80621	88322	44696	30828	28935	40292
7776	7600	93063	78636	15243	35172	4432	18318	73230	16349	83532	87592	55845	25866	35286	87600	90757	19479	83746	30879
30033	1535	17227	49581	34022	30592	3958	92474	29799	52033	96308	90553	20539	75622	63153	55	55932	80003	15170	9467
97021	57792	37741	40931	53703	65901	76904	61482	24458	74092	63265	89235	73234	46208	22179	48507	28018	82393	45658	56426
31462	46102	17412	12137	16011	95815	24552	35356	23764	1161	43075	58632	83417	47713	15126	79940	42243	30846	64792	56625
45699	24677	2622	99424	52042	56637	25031	92879	71220	11072	28572	76182	25366	75322	11761	22448	66690	97544	47753	2342
26234	90518	96317	76295	45930	36570	89315	67810	73719	69040	66734	98355	91438	37287	2322	36931	91522	77674	67019	96883
54681	21550	25576	6096	69121	77727	43111	92821	83456	99871	4949	54561	35596	95126	76354	6546	97872	78641	64417	34903
6769	81194	95660	2853	14106	47317	94886	9242	86985	29995	4679	14000	40323	53489	74201	68758	82928	53514	99551	53473
55074	53017	74077	36243	65285	13937	21279	15284	50165	24602	80942	71325	17302	30318	29941	85693	23840	57614	19460	33582
10444	58655	68658	41168	60586	65921	15620	48238	48256	20984	22013	5537	10062	86819	35166	90961	12820	74732	34937	45769
83869	89219	5076	56333	68727	40229	37008	63183	98298	61785	14926	53978	47810	31152	84072	62721	75157	81224	74093	38300
33851	43318	75	44366	80083	48161	88975	30127	19445	308	22988	28635	4176	19992	57784	98891	19422	6207	95658	59937
89462	48867	78518	23609	43919	4761	51781	68816	6567	24960	51209	61303	90930	33203	53410	27963	2444	40665	82509	25336
30605	68157	74352	23637	82609	64594	2826	7436	15198	37	68478	60263	81232	93187	51679	2721	11836	82522	70935	99652
25450	57270	68989	85292	9027	40791	93558	20784	52322	80068	84030	4350	793	43031	98684	3415	30983	39717	72965	83491
56666	93955	41143	87441	35847	84507	26932	23199	72770	28232	98356	30324	83140	77174	53456	98996	24545	58108	43276	61890
12716	43814	68045	77288	42812	54169	15870	45370	50414	53249	75061	60804	58011	7278	46380	81703	29882	68621	80869	36136
3299	63645	23838	50039	80483	89013	85761	29660	10619	35142	59056	68842	40421	86837	76170	24390	51476	50901	7052	99006
87624	11960	21746	36823	38087	35575	85432	53152	38965	5856	53652	3548	82899	44219	32740	72624	61286	86667	41750	51137
19882	58463	42392	45042	36040	9790	50505	74502	85076	98384	70409	45269	65828	7971	79499	6017	92781	96510	78257	33078
71045	74564	49581	76957	30928	8633	14637	7011	54388	94469	26305	98235	38092	92152	69783	92221	97104	37611	36130	58899
49147	40889	68089	37632	87628	26558	25951	85235	80551	43214	62073	22727	85469	55201	62391	3086	10264	63605	85670	6854
49482	40236	11013	2707	6505	85990	65077	34115	23521	36940	48292	37653	46832	45908	37128	91913	66113	84905	90329	15256
2155	7688	77511	87391	4725	14011	56199	51360	1046	79148	9565	78268	70686	1799	23578	76017	34545	90736	95947	35015
19061	97823	61382	84748	77571	67377	27305	6779	6920	7002	61184	61113	39947	90707	6460	20795	9043	89546	14086	71583
51128	3517	12185	19188	93924	26352	30888	51822	79264	73211	42310	52570	28636	46495	64504	13190	21734	79547	61329	5195
49195	76759	98073	62700	34056	63768	86572	35133	780	27928	66941	60104	79735	28817	95640	71285	5992	6426	22730	79073
62775	84923	94713	27296	2882	92365	45286	2938	47634	83305	28894	45672	44025	12168	63222	49479	91139	93027	77850	41088
37435	65146	36409	20334	18879	60220	83403	43484	90317	89348	35265	53638	46130	25586	8324	72707	15829	59879	26541	86295
96088	70685	77409	90197	59788	80985	45261	72392	84214	75990	63768	18581	53002	13761	71212	22555	56801	29721	51946	29190
8247	85375	2416	81600	48210	94560	24049	88947	42766	37094	75991	34107	8875	49060	84196	99731	7728	42269	45787	34128
63191	51510	72145	92868	29262	26342	44219	4518	57429	71361	29052	1748	59584	50204	18521	68392	99665	25417	77954	27379
85604	58431	89488	52298	86317	1109	56835	10113	17796	12665	542	71470	61393	16920	7839	31427	91151	7465	84253	79346
61968	31613	5254	21927	623	36911	70216	64423	88745	14600	31705	22573	12418	35353	27235	44428	84996	62140	43250	41106
93455	45568	1363	57540	93103	38789	54810	54843	91225	49291	11571	87569	40028	11498	37775	76681	20932	9114	82853	59557
43557	41220	33845	33589	81421	45150	57415	43492	17808	6926	74972	52252	7448	35300	50760	82808	18776	73834	5204	57990
4330	87511	73788	46068	9672	523	79519	53468	92211	87151	25800	37819	26859	61461	69544	96670	29873	59090	9862	40177
64923	37586	53078	65362	67255	33691	71044	45884	24603	78916	21529	50457	22946	24062	51817	19646	30054	99193	45450	83485
45253	34920	17723	45946	89830	69339	98107	8336	7768	65804	5028	4979	78311	8650	9689	30522	19093	60827	91821	83818
11870	48357	19430	1133	36533	58449	53763	14439	10895	41525	84408	2914	81718	76073	90848	67610	25939	775	68963	91588
52191	60803	70443	3772	40814	32121	40719	28519	51510	24277	32466	38450	33450	44846	48831	439	21056	86919	5331	53528
28868	67667	54331	75923	30169	5439	47262	78423	6441	61495	26143	88866	44076	81548	65688	73739	43126	63735	66410	9424
37155	75486	90235	68037	94371	33506	89229	52983	81799	21161	75376	91544	31852	73168	12200	13756	80215	71745	91440	22383
58240	44022	27797	24992	56483	79175	62917	79521	26621	11816	1025	68522	2865	89499	1213	4779	42701	93992	40488	53089
6734	83499	36679	88802	98638	47627	78438	15503	8542	16241	56170	31825	90331	83058	49170	78288	67528	96349	66095	62369
46564	25915	44831	52056	99599	90601	25293	15002	5449	4699	51705	99849	36428	44429	97102	53176	28595	81001	16097	67703
48960	60459	97145	30195	94707	24326	31964	76038	70934	55828	4624	84411	583	4454	65978	36906	11745	56065	58329	78542
39192	73469	55390	28204	3906	66196	34882	9091	83227	44155	95534	90021	20507	56214	42078	93187	57246	50381	66890	49920
4939	85334	96584	7443	18350	73125	96664	26490	86836	68661	2119	12655	33108	20305	99941	68539	94270	65410	76626	61709
43336	98241	37672	44643	87209	10147	7546	44796	40684	17719	11502	35412	25276	17023	84931	786	19582	71755	2199	84553
55280	23426	36113	41356	8638	15038	22966	22808	57746	56932	45647	30663	59438	9515	90143	74180	37976	20486	16912	99271
4048	67536	68198	4138	43296	54560	15971	38969	27576	28458	85738	46115	72999	59573	61965	67617	42738	3590	88617	51728
38576	21049	40247	95195	50692	33288	85139	4551	93239	20102	92484	61662	84799	5428	29518	80413	76494	11114	90870	12284
57978	24882	33906	60901	73387	72633	76043	64067	82167	28360	51721	69947	18602	35643	28853	31638	95108	76589	76597	3920
62698	46432	53174	56370	38496	92706	26268	81212	4925	35281	34593	51531	60964	2942	84193	37776	62962	89610	60657	20712
94051	80496	54343	1873	89736	86007	76393	78998	14757	92644	50106	40848	4044	52408	61965	57807	64902	84750	49922	3896
2165	29307	11022	33512	71530	50153	81104	78899	95011	91997	21661	3621	30430	9959	55894	72222	11591	65534	2965	3777
89541	14584	3254	93160	12060	36196	73726	63804	1032	68164	97067	86149	92070	55990	61651	54384	17254	39540	60858	37695
59634	5329	63078	64032	40976	18240	95160	90487	87847	69241	39443	11351	4275	15341	99229	14626	22006	37136	76436	81162
46918	99833	92516	48839	69139	17777	22608	26703	90660	87907	89743	86805	29690	45215	58295	73544	29779	19105	33874	83227
79112	80580	39783	67152	54913	15144	81962	77269	50468	44323	98710	45204	38467	20999	79290	25082	34449	24153	49119	54401
27786	29916	11003	71508	38951	76003	68692	11546	75612	53869	51430	44837	50174	92408	58107	82295	7187	61577	6517	84064
86501	15570	24807	68996	73877	87077	6800	20107	37537	7341	1590	71009	44693	47068	11048	41454	47564	30668	85567	19819
5503	21206	25220	34789	93506	66899	21650	55201	63744	51181	51874	61244	27786	1528	97984	32739	64837	45638	46209	86703
80066	18329	29663	33054	69148	77541	27687	20424	2838	75300	95464	47954	48396	97736	26865	97496	43347	92684	87694	26137
10352	39846	100000	6046	23361	92551	67998	53529	88296	41455	1340	69071	33059	27764	65047	61815	26168	9548	6274	88095
47113	23377	83946	4996	34829	5697	48725	70643	54377	19742	4099	51812	85613	71048	62099	16853	18464	97452	11262	99
92855	57651	73836	93030	13294	88885	17362	21794	62245	15170	87254	17191	89412	98340	97670	66222	88368	88355	51089	42444
34594	45835	17419	93324	1660	23712	5725	99923	27321	44974	8170	87256	18258	68682	19367	57624	12103	39607	66558	28653
40970	91079	58624	84580	12929	88563	83387	84163	43641	50829	53454	889	68417	8716	80126	87175	49645	92828	7192	12287
27483	38890	82525	20151	4763	91998	601	32120	27544	73426	2270	35150	98071	46164	42660	10751	82418	11291	24724	18684
41984	56560	74543	33824	51744	9017	60087	83517	8386	45925	75637	98747	99691	32958	98762	47860	34666	62282	96553	39145
74827	4527	44324	41156	7073	48698	78678	26517	27964	3325	9593	95995	83078	71579	32990	37198	93997	51847	9201	6569
7791	41352	51415	70213	44551	59020	10952	28805	79537	63873	91274	55600	88155	23995	10224	27748	60900	9283	99239	74746
17120	33286	91244	1052	5071	75467	53784	7978	11054	11405	59004	43355	74516	82143	58979	49250	91986	77229	58160	64923
97749	69224	59379	47548	86156	9920	1345	74427	97980	76285	79609	40393	78275	18789	99159	38113	21104	34269	38032	18699
55474	67040	5273	82605	88533	39514	48863	27151	67741	94355	98551	93584	23017	23133	13068	25799	43161	2496	98609	82540
87090	93998	15204	98208	6044	2570	45935	88304	29158	94136	36287	64104	33144	39816	6900	38114	65341	401	93150	50039
26037	92536	93925	71395	54360	25841	39052	10787	41933	51031	37675	69130	78864	20631	63892	54534	57487	90692	19835	87922
27755	40504	18057	79766	54731	48907	31421	84029	92737	76527	95963	35857	86174	81251	73737	51772	83097	60930	25843	97233
73235	38186	63058	5228	64434	13470	93207	9480	8498	3435	25658	97103	91335	35145	95030	23494	55725	54769	91993	20855
36526	94384	54923	88968	91106	76382	97577	34775	93155	58482	80218	9284	17933	10979	45472	97552	51506	29487	46591	85366
64117	73805	37194	94988	62021	13346	94594	13625	6380	2982	12507	16991	60715	85692	23954	64879	54722	22764	98461	32531
43611	25185	29892	74473	18408	93699	13514	10172	14800	48050	42178	58557	68825	97791	76244	38037	54924	80826	89271	49138
46465	54084	24695	17329	53455	71166	78719	7069	55414	62956	4236	36381	10876	63944	92761	72504	96924	53179	8338	9688
66650	45202	17839	73812	8283	1514	12550	9259	66969	42091	24511	13088	43131	56762	32898	41652	33662	58380	40984	7375
34416	89550	61461	40769	65459	39488	49586	86064	7739	91947	5928	59240	71838	55038	40053	64224	96954	58802	80998	17025
3196	19884	24807	78770	42603	39606	94707	6692	38194	77204	19222	93453	99638	39934	12023	7206	57595	71493	40500	42804
157	17462	58958	13492	51614	37726	75317	49143	94294	58469	84093	56214	73998	95952	7134	24786	76816	54317	98651	15436
56997	67355	57699	54273	58889	53687	25985	81911	37802	51234	75525	64493	8623	5691	60233	60765	8852	48135	10461	72841
1400	99760	58243	37528	77469	80216	20825	91531	27270	65006	84881	94474	23222	93972	21909	59259	31371	64139	84602	6879
21552	53979	34980	99378	77393	62083	23598	74465	77035	98453	74293	36095	83964	7131	10378	26693	14638	73759	47365	71264
21447	88895	21056	44326	73278	83797	65062	90184	12687	43232	51906	43066	63977	59746	74614	14350	44059	4078	88158	39038
72155	7542	19499	78384	26410	91081	55760	58149	83984	26324	60643	73058	22615	37989	28811	72591	56578	38376	32342	41158
94109	96982	92288	91831	5869	79799	47235	37986	66934	58869	985	71883	8030	79947	61996	52494	29992	96409	902	82828
853	82316	78273	51157	69888	57430	29485	85519	28915	96579	60179	19200	41724	32463	30608	36454	50168	83212	74671	28150
65673	43247	11582	30206	54796	45615	64959	97850	36592	57261	45079	84597	30734	95326	15738	26415	51959	8312	89365	4328
46959	6081	7090	46834	15267	12179	14943	85246	91471	38032	59451	89382	89657	3405	873	94381	53155	24283	11491	69327
88184	87900	63160	80376	98367	41566	72217	69349	29999	92101	29642	94319	50688	50939	18493	28321	58396	59189	33776	82654
86941	16415	48704	71177	11864	79713	90215	91390	84051	41252	86739	72413	79487	85583	78488	89767	6311	45172	23741	19156
74587	95190	34468	32994	4596	99432	21554	96688	83593	80070	11218	82065	63804	76071	49326	68062	34724	5707	30009	33328
47319	41698	48438	3565	10489	78297	69116	28460	83098	98592	1524	331	68822	96158	30917	86452	23456	12158	20239	21884
1879	91605	48678	50979	39586	18465	57358	27479	75750	85662	85670	78135	71671	11385	84630	29734	18381	47449	66413	61311
28502	28367	57868	53296	67091	34790	89538	7447	95992	83043	33225	71049	91317	96882	62461	9073	45490	42157	14128	3765
17163	88167	76676	29537	35214	35077	72926	36030	77684	84787	46925	71361	78552	84730	32464	32818	81271	3364	52933	37462
74322	14182	76612	27171	68070	99310	70773	57449	51524	10719	85316	54784	44096	86889	1510	74896	7810	70513	3472	354
73330	80351	17377	81288	43304	88796	38249	89467	91863	63421	7088	65245	74762	73194	64163	54897	50029	18506	80062	58887
21222	16141	42436	33763	6147	85191	95295	53314	46349	29011	9907	43695	58540	11592	33830	48060	41433	59460	95604	86202
23048	250	60265	85993	99873	94303	41639	13651	41261	36890	85598	80774	30016	19136	85211	65639	30890	70394	5363	31791
38468	62119	79376	53101	45029	88720	90440	30613	67441	93855	468	33909	75769	30646	45955	18013	70484	87049	63995	21764
67135	91328	47822	17848	67932	52791	5771	14940	39488	13267	89016	28081	97217	21456	76446	2292	91280	94146	10114	67799
62793	66146	29913	43657	6562	47731	2019	96425	32550	66452	63287	68649	53070	77304	2375	505	62827	18248	84231	85003
16219	75951	8673	23172	62642	1163	31746	85966	99794	85865	65100	78984	58066	35364	88264	98583	88267	6982	98548	2683
76154	5705	51555	42431	75785	40335	45944	93865	25012	6829	17704	47055	49018	22338	83415	90457	85935	61257	38152	62348
54187	38892	86586	70347	40093	16420	79493	22598	89679	16190	80181	63832	36813	9083	93839	74994	4583	24933	917	70012
36725	49897	2727	84842	32480	34061	82346	14891	88322	92295	12388	81971	64015	39265	69667	55247	59290	62733	2345	73769
11745	97149	25327	70984	77669	49389	68980	58083	70520	49782	86736	77667	86688	97220	49266	33572	71960	10415	32772	11912
72887	19318	68383	54080	58079	89785	14182	39227	79196	5959	84163	23322	66787	75318	66934	40206	53886	40205	73522	33711
59963	46212	6092	11505	98090	92099	13708	26577	39443	84310	51823	6053	13518	7414	45564	75305	82385	96563	60923	31161
89399	41375	28068	54695	86194	3874	54318	83992	33615	10183	46829	85731	64644	827	102	10528	86046	86407	14658	22323
2645	97141	56112	30517	52868	70027	95998	23266	10749	79769	7055	51793	55898	75840	36133	41011	66568	95410	56711	66702
54835	14529	33439	75548	59809	88716	19385	31407	73233	62764	34118	40784	98214	59770	72144	88205	14144	42304	13980	62014
312	34901	17784	56408	53093	64402	58083	75513	23587	1277	50405	83488	56752	54199	3772	95121	51136	61291	25236	91055
81445	85927	54844	21373	59509	15806	71404	82274	24224	75471	13873	44793	94334	99152	17762	90369	69669	44862	99122	54981
30438	89690	52869	26772	28613	41336	73174	50351	63689	75375	34018	82498	34229	90247	84594	4151	89816	6745	55652	56780
88473	75646	26673	16190	23463	69266	5002	1611	48746	77264	64055	98836	80634	10724	33370	11908	8375	63175	68782	43857
56859	93104	46153	33909	77316	68661	19509	4469	99075	55327	80585	69091	77884	43699	32822	40941	54117	65977	31277	7044
73157	76199	24183	77656	34752	82280	24560	57972	67916	50206	86066	34209	56525	42318	15027	16515	58528	86101	5767	20859
36118	35716	75590	71581	52517	18712	56667	71843	23691	23048	15599	97462	91362	78426	30049	46187	58905	45776	1981	26422
78571	17335	64010	27616	16694	86734	9972	26420	57830	5860	65755	94119	28964	77594	69654	4533	31851	38085	33539	95095
8625	39935	37017	1041	44889	54793	90131	18123	73895	15131	20441	99125	73947	3180	60039	54882	80202	82572	84425	198
59981	25716	19616	51748	28091	97450	76339	87509	24322	91692	50584	49305	34143	30057	18525	43235	67149	56043	62498	4816
64141	70198	3046	97756	75072	27742	55357	94567	74954	45459	51126	86515	96390	84085	48890	87549	95194	79004	91086	85530
97298	56008	43987	11099	40559	67477	9593	12280	95419	79429	95266	86122	8468	75236	1558	20059	17215	14277	62025	63778
30605	99516	37478	14955	58515	4958	43582	27989	35348	67824	33339	88392	32119	91082	2046	80514	39672	18403	49595	45517
83418	96358	58901	61394	3840	29880	21297	93253	10097	14235	63526	43425	19006	40324	3450	37666	94474	57686	36583	41904
42533	62652	87098	43171	26980	64974	39117	52543	48883	53796	8429	43989	83145	92779	95879	4297	41703	51823	85684	95316
96508	67599	10967	68981	17346	825	87541	97664	73156	33230	41546	66740	7102	98440	76452	93834	59002	1086	15776	28176
84534	66502	83354	55792	38196	51015	86974	95139	39128	772	27233	51205	66827	91330	28803	86004	32173	23862	55718	33417
36179	75919	5650	85050	21789	10644	3432	66850	85641	66954	76840	35623	3056	40320	95369	94944	35567	79448	37136	53353
469	35915	23060	7658	38107	31235	52173	55947	14691	80048	24999	1821	35522	18108	95754	56595	33424	26855	50264	92858
98874	88946	31620	55428	56478	57032	24875	37418	50851	33425	54565	57574	89158	63213	78163	85805	64140	99272	23640	34781
76128	27680	8241	31809	11529	72680	473	66976	3629	54363	14621	20433	56310	39724	78856	11550	18065	92460	61991	69311
73419	12289	81505	43731	5216	48962	31751	87286	63125	69091	74542	72209	30829	63278	41492	37183	11469	58356	68759	37357
58023	18053	51210	17853	67403	16267	43772	82854	72460	95271	91243	32378	95312	66393	37001	81585	10717	65052	11937	82317
16720	65095	75240	70948	7410	95109	5583	33744	16555	73665	85456	15639	53	71119	21237	12925	98483	68038	39449	27285
29164	22852	80243	49447	68093	36307	25607	72462	15079	16577	15007	74557	61573	3428	77429	63019	83823	71688	28464	72527
16183	33519	42928	7788	97893	15932	18772	26575	73665	33228	99370	96483	71098	74966	11225	80958	43311	66770	56496	19965
13540	67879	5030	71140	68984	52604	91033	73951	3052	14643	26716	31641	93191	82125	108	57324	68340	66472	89363	90645
62180	12194	61405	71941	7251	78923	55529	21406	65220	12710	57048	18487	55214	87622	865	60136	2692	74817	9724	71563
82609	44272	76871	60689	71091	50608	66657	15738	80552	72637	45305	16745	45872	54787	7133	12920	13052	24135	35704	50066
14369	37486	20206	34141	42834	4438	85447	67987	17054	70763	90668	94933	39379	53098	37534	76689	49560	91811	54461	94926
22563	6443	25544	6388	69740	48084	57075	21766	90409	79386	99380	38194	71536	56286	66835	85112	38460	55713	93279	7537
45718	78275	21270	69294	62249	84592	8209	15981	81639	35506	61231	50618	52840	44018	74705	97286	6663	43108	32203	74906
93315	55210	79744	50841	86798	42899	9471	35869	5730	35159	12328	77653	32886	93734	99214	56148	52952	35732	39268	31412
40714	68788	54487	36562	3791	69245	34081	71642	97003	68363	2300	95846	48636	36860	62468	44581	48493	70360	36369	35295
33605	7440	97486	73486	50185	45758	12400	64324	72344	16169	49248	85421	37635	88504	98647	62697	16950	83447	91741	54877
73669	70178	37751	86032	48732	10392	40866	64165	55478	91393	84947	69816	80587	84966	90326	22961	86642	65403	85890	38982
99005	20580	48686	45651	68384	92684	6548	25692	82287	88350	27912	3508	7874	43541	651	29948	22777	18761	44052	37701
26400	5394	16899	26576	27480	4873	70900	52989	3472	82827	6465	25476	5072	2554	10115	5440	42732	2316	39700	94897
99253	58333	60995	96037	45038	88805	21029	64275	22534	80868	53684	59340	51417	88646	44717	78915	47826	74533	556	72342
5402	95151	55486	32257	48168	98664	84634	73177	53356	15833	80069	59618	99316	64937	75863	51742	48563	5225	39130	9957
13779	44573	75846	79928	74869	17813	18455	46549	37571	58334	73855	40272	8933	75276	96690	45166	12685	26738	41130	74395
25029	18225	39303	64563	55793	88989	5348	40262	31511	67098	11859	47704	44378	46645	32548	86162	23194	74747	46847	22442
95730	23673	19213	98242	15158	71561	14919	4444	97835	27762	54452	15320	26192	19147	50775	47184	62705	10748	66185	2868
88925	6506	71524	62917	83685	38643	3616	77798	48276	29860	45737	70609	64780	35695	99312	40663	11979	49167	77722	78134
57868	49747	32033	86706	13714	24338	45417	6880	45419	91340	39129	98257	71582	51598	30556	64943	88737	28854	4383	12234
37317	44898	76128	87050	39244	28524	67533	34577	60072	27346	94298	30454	73095	96766	79814	65763	38972	26653	58053	38144
63175	40409	89515	37055	27760	89787	49869	56782	40011	27395	99903	45706	44390	90875	53134	48128	69531	91752	86866	7289
59370	68300	49842	2115	15248	87838	48757	43535	16851	33708	39101	94265	64084	39524	69693	74132	35522	12074	33107	63131
10693	12162	86660	20758	83652	47677	77797	10352	18852	65032	54801	59707	14998	19059	4302	92585	41787	52679	80290	33657
58776	58565	56684	16693	57196	8283	22105	75396	79835	38771	40012	44422	26418	23132	14124	68403	75002	60844	60936	93443
2553	8712	27436	4623	14169	58824	69385	18346	77283	51791	6125	64748	73589	76894	34484	89254	94507	26099	67861	58139
34978	4469	27173	44995	98401	90198	6581	42310	2620	62811	92343	75970	26113	44121	38176	3506	37735	13296	21128	55998
31323	31773	87595	52997	3652	46252	15080	18128	96999	87390	57000	48727	1768	81439	43052	51210	87278	2534	94412	42373
49741	16780	33562	95275	87696	23188	37378	21876	39199	66720	90861	99090	48599	26229	85454	31456	7309	86475	58460	91629
1790	67701	95660	94849	33051	75129	34308	91503	10219	62176	37631	59016	15534	76454	18620	64171	1917	50131	53330	36888
76929	81234	63402	10158	81239	13388	82948	26397	80410	59280	44225	61149	16487	35396	81678	62145	15269	10660	21014	74560
1036	50879	41619	4980	60443	71420	99517	2627	18052	61144	15551	2448	36168	55481	90514	31055	92907	98670	77535	29389
67601	5131	78845	23606	79515	58047	17467	88430	7098	89933	87429	65133	39190	33463	55968	23568	25810	24822	65532	3388
5400	11916	36420	50039	5314	43193	19879	49834	86178	27825	74032	54503	42707	40960	5967	28686	32844	32807	77621	66235
12591	80076	52427	34959	30152	950	98474	42725	3867	70742	71837	86824	49721	15982	87083	81462	1737	9927	40661	75491
19694	80392	78652	59040	19658	78701	61002	819	94524	32045	68656	64134	81901	87270	1335	30369	65835	75704	37678	33806
61593	1985	64571	44216	59868	86171	6178	60507	57820	17479	83513	40557	48336	71300	7601	65102	75744	87837	74934	32060
78521	70196	92265	10858	85931	47256	32707	9416	77064	32425	97921	82402	23595	31976	69952	61203	60983	65059	36212	19977
89617	94822	30187	259	73811	39968	22649	51806	1212	17679	9739	18942	20697	77182	55190	20074	89527	12589	52037	38288
39770	32297	12035	27944	3321	71446	26007	75556	98347	6339	27361	11501	632	90738	60267	22787	49332	20410	75395	63247
41851	64283	72503	71365	30055	27555	65187	17237	45501	99318	65386	21852	86378	11147	90355	4239	35369	44693	2592	46167
84939	9926	54960	91709	59224	82260	24398	45466	80874	34604	31571	72537	76901	64925	73377	97787	22198	54318	15139	52393
42909	83749	17202	67627	81908	60592	80595	99882	96193	28149	38037	44908	42790	80323	12596	57588	84501	80550	24060	69465
91410	58455	45763	46395	83775	35118	20131	46503	21408	69022	5412	10107	82911	48206	46950	10448	92820	88601	2697	18105
69819	25535	45809	28046	60299	5367	84689	67357	87918	62689	64103	73770	30050	47082	72224	84523	70748	82963	65054	29409
63232	67270	80042	33877	22414	36391	90926	43354	70274	21448	94657	11616	79095	50824	41596	80694	55108	96835	54308	92720
68776	38488	94556	46613	84890	40979	26595	10366	43125	78984	86243	7206	89081	13261	27112	34564	2208	4905	72793	69734
69653	11075	49474	41002	43264	69848	21907	46009	94156	40530	30414	92424	5637	24384	73189	96142	88198	77977	37281	80042
58225	99034	9703	41988	39792	25410	96302	54444	19456	79328	81253	96202	23087	62389	76061	15623	57370	36361	23583	60801
99350	33070	92385	67319	99177	52171	46408	43324	7040	32060	76587	18137	87648	84588	43418	30539	13903	82943	34683	16313
58896	11196	69267	89968	20373	76239	24455	32985	47964	93308	35342	22310	7925	62157	39610	29721	9926	11830	67659	99720
65782	80948	14746	8849	44637	61381	63480	13337	81673	88151	43616	15185	58797	42426	64544	35210	58567	84734	1684	74161
23682	71390	47199	36099	52774	15655	26798	15116	37084	95513	53175	90251	20113	20145	14415	78862	76585	78777	91132	97055
67628	67963	20053	48380	59733	81607	69212	98804	96762	54780	34070	88127	62395	2491	13598	13350	49157	24379	65821	29743
48903	30586	13201	73485	20849	33958	10098	28671	46630	82997	64294	14856	72698	74396	40635	5165	65844	96179	62987	44687
73167	36721	63253	53003	12267	19937	64890	83819	37897	79552	14194	75039	37152	19137	85621	93052	45939	48444	51867	47178
66115	50126	43141	13010	81224	11566	43104	94986	21918	39870	36857	33129	54224	97487	40086	4091	52221	12447	51125	18223
30303	43310	38248	21494	25157	96043	6275	97621	68887	69048	35340	49558	46131	21039	1107	61674	50967	95018	94832	62582
81362	26538	64667	3970	43008	79480	28071	74533	41154	33903	95441	29297	73820	67562	86404	40376	43245	61103	11184	86286
74059	18217	67923	92918	1314	90165	60755	4967	89386	52655	17661	53283	56964	29210	45824	83443	83220	51874	92327	19509
53937	33780	73244	40450	73439	93423	12020	66210	203	58207	67156	94080	85756	6950	4240	36864	86056	44824	26365	39708
91520	90094	11918	51201	53523	25969	76731	43536	60681	65518	91641	89443	57867	2786	45108	47110	68131	4080	26542	56282
7661	76785	9688	72186	27979	521	3875	75748	63366	46749	61532	26418	91726	14688	86588	1304	48065	41238	17610	80855
29723	9356	91970	1984	62337	67574	25294	11407	45260	14958	91811	45512	32110	70262	81693	29595	32946	74716	34436	83141
18602	61831	96580	60108	12733	75795	68102	25144	71997	90526	69106	3479	54713	70895	49888	17444	91264	92740	96057	56933
57633	50311	1558	85180	34463	10820	8303	3653	93292	2592	23224	90602	19745	60832	32656	43255	1460	24313	72609	17972
75039	28594	98467	92231	62057	52897	30078	65404	1003	99111	77978	25497	29529	72602	3213	11927	94825	40325	94601	70058
34705	6795	98760	18027	21343	88631	42769	52570	31535	68331	87023	98348	13047	37049	66059	83180	30394	60095	58071	16054
96101	60019	96071	14724	63327	83056	19204	59485	51894	87129	19617	2741	9244	11115	53572	33308	98329	5177	56993	77648
90624	25886	26228	18829	74958	67984	7432	26943	81969	96152	77592	70880	39704	26697	41058	9500	52821	99059	7132	4371
81908	8323	84524	68580	6030	51749	43619	55302	89823	37894	51633	14738	69963	83908	15444	99689	11839	96600	69245	49637
85920	84178	43886	77265	15462	17290	2520	87974	5827	37763	18862	9133	10532	5039	28409	53806	50918	83137	28656	34382
87914	99038	12152	60552	18368	93458	91201	34879	45206	30298	52096	8411	5046	231	18338	21989	14118	9802	64021	51409
57585	69079	74453	32811	12029	34382	46647	7138	32066	84065	88637	98463	86841	27442	65826	35452	2570	9922	28735	31148
49906	65518	29589	33486	65190	44367	13682	23585	71829	12710	57145	10609	84031	84993	7393	41458	50377	45024	30054	8098
43277	52471	70099	16032	18840	55988	36542	22095	19341	63685	83410	62915	96533	23978	92596	64231	38215	27545	82317	80111
70091	74500	56436	32443	94438	15412	99352	68410	80518	70924	61321	2272	96268	61577	24276	22169	90096	6443	62577	2918
74374	45941	59015	57419	9607	19367	50179	93863	33924	45553	84904	49744	57004	75189	36052	40103	21633	90995	2029	43665
86378	35568	52239	59462	1524	35463	51561	32606	93551	74825	43091	67781	92810	44108	35878	85497	54586	48557	70524	88004
61085	26344	83571	18224	15943	15454	8393	35995	77514	82791	58169	16984	45097	91424	95263	29482	7995	26376	64663	17666
79260	78773	79883	17084	87248	45604	99798	2295	84474	77486	20031	5532	23456	81175	92143	80794	32547	29854	93097	33168
2585	30299	71720	31664	34787	95844	78383	90542	66213	89578	2962	85898	4540	17864	62053	66072	21155	7292	49331	16300
10697	78731	99946	33700	25337	43497	12463	49254	75768	76395	80133	59878	71089	15217	92155	34891	4523	90849	26832	869
96880	39224	28772	59215	85973	67582	36478	1763	66556	76506	3239	40411	81767	38851	84910	69350	55468	1666	95192	96673
45179	85752	83953	5342	82645	53382	53177	69513	75885	2259	63444	53272	48061	24955	3666	10133	67313	82102	40616	21588
35927	69679	1135	82466	84934	66868	95725	98966	44190	28604	92982	65334	34992	55363	72396	3120	46138	94701	65912	29471
76570	57418	10326	46344	78168	54826	29861	85355	79396	89997	81488	11482	4127	56974	41008	28276	88627	1395	53409	95121
96150	15553	29492	41568	63311	80782	31406	98612	24411	94265	43584	22866	47917	35861	1828	15426	72607	67878	1531	6891
66775	34187	84094	63669	45566	47884	64645	42435	16990	52131	72701	2481	45896	65723	66736	4414	85287	61654	81755	79907
51072	9554	80897	64217	92196	69626	67010	3397	17953	79685	4749	97539	24551	35608	24084	29291	77409	76988	76743	60656
21723	15808	56566	94202	95257	70125	2673	70741	84929	66364	40435	75583	40049	62767	34490	84081	9287	12839	2846	84134
66479	63023	81897	61718	71883	49018	34755	47367	69932	71048	70480	65920	59205	40731	64119	26988	91039	83122	20225	94584
34996	11411	75740	79688	9423	93261	85546	83673	21877	25219	93736	83908	59805	61669	95239	73839	7248	76342	85392	78751
2076	81457	55067	79903	34831	36189	9290	32083	24009	22012	74341	28480	78381	52408	79586	9057	77719	90858	55822	91224
43201	66884	16817	99757	95809	65287	67573	94717	95116	98575	56022	54745	20176	47878	84892	2953	67790	97862	80902	50171
86393	63229	51841	33966	63485	70365	49092	84015	92368	79296	95098	69428	1814	17682	33316	19743	99894	55784	53701	9739
67827	38362	69719	33554	81414	34010	87452	14897	37211	60935	36842	61661	7886	19748	13820	46786	47973	89888	74884	24744
92834	84057	66900	64650	14305	24330	47490	14156	74395	564	48722	67369	90507	96029	56797	21027	31311	1168	22874	2637
95678	40584	13591	27359	85982	23349	32883	35173	43466	36090	56651	93252	14603	63100	45950	36840	91039	32103	11246	5096
32985	78820	37927	22002	69430	22932	32434	10816	10679	40836	56566	16703	63456	44431	57033	76098	55281	32682	71518	29790
22782	5535	6472	37208	1548	42113	73236	16482	13433	12294	81362	83813	71974	95395	43496	91355	6446	12642	32144	85998
91837	60872	72317	8974	11609	88941	77402	41077	49464	90307	61768	88439	41197	97816	66242	15480	44119	95901	65142	19485
26747	47872	64446	72530	32446	99130	40667	60677	88581	82195	72475	72256	46495	55450	7811	91717	38189	9365	72543	95458
84081	21467	33552	58339	15288	71343	12983	8544	55250	66049	89502	41773	50968	10240	22700	80951	62903	68197	12818	76563
87058	54885	61639	77906	97947	5561	58058	15186	59195	52687	82127	25893	83632	8232	51021	55084	42818	81959	54853	53128
20533	55313	11543	7816	73054	24016	57582	12699	46990	28090	15788	29281	26666	46526	54614	21509	13025	40091	44120	64959
44136	31292	23999	72457	39682	15460	2767	29551	37434	7434	72745	60124	9070	6052	74500	13230	63448	89377	53344	58070
34394	36466	78494	66915	55683	92031	87193	69241	63562	48098	30163	70426	7	34030	20194	53248	66761	48943	87355	70387
31561	59015	29606	9646	16665	18196	79372	52276	14706	9623	86847	24900	93338	9104	62727	23247	49120	46359	13691	59350
74944	19924	12510	81438	83386	6557	36990	95720	8779	12543	36848	2928	38428	10175	30618	3385	9654	87800	77492	76956
17916	73714	54484	14557	97347	99894	54159	34558	9391	33040	53982	36530	1477	43365	61467	7848	49895	30325	27266	47935
18775	69843	11510	34261	1760	54841	99643	20943	48129	60360	70244	81283	91509	74628	17278	6918	92712	35091	22509	1021
3059	15742	16609	56455	58460	91453	97287	39328	51146	48634	12432	85549	71651	50939	31254	97251	94807	41386	57435	47876
6478	73260	23788	47056	67016	11270	6278	90338	55008	37505	51778	19744	28625	181	69409	27325	77320	30586	14367	48009
30292	57078	86891	33897	57669	13892	81432	17786	72452	55539	92546	84140	14050	70291	44745	19311	68814	54043	42269	91224
39666	91145	28591	68359	48829	43996	81784	73367	8010	2932	7533	82416	56133	25765	75942	10537	45069	43457	68463	84647
45705	66065	37298	65451	83722	69556	12010	8046	71708	14178	40434	47154	44044	24269	56132	59273	27480	35517	6464	16316
3902	29678	98734	63279	53802	97630	42385	40487	97495	72510	34424	29258	89371	94289	63723	53900	40784	62055	92184	2890
43991	78273	87002	9110	52970	89934	87401	63806	57918	40268	91119	42205	56747	70838	10216	39521	95857	62158	11074	36679
24555	14563	71221	7811	24412	43130	80430	72425	40700	86838	78904	95478	22107	96620	22559	54077	52131	56408	50307	88904
94185	16514	22318	57502	15356	54391	34491	39845	46099	20563	17	99607	34295	28194	82871	13506	24145	16941	79106	78964
96161	41955	16209	6865	37628	71812	18391	8441	34616	37693	6156	48670	45483	74003	88743	5631	83962	87298	37722	636
51549	70173	62405	9423	72317	88663	29525	94803	71307	72600	69552	37909	6917	47340	35782	6588	99069	4271	56164	74002
61055	52243	51380	78929	97719	25515	48813	65487	26379	82232	84735	72506	66174	66629	3926	28888	94577	84825	4504	31551
67761	10654	40251	40251	69322	82728	28390	46595	60557	80339	70328	2841	86608	75541	96001	65716	84540	71669	14989	4233
85772	64762	39036	21983	85071	58851	29266	38814	23343	67079	16484	74453	47993	89997	43205	26525	51763	1074	86049	25290
63722	50015	94158	24846	9764	85812	5669	13992	57852	96084	15101	55076	40063	2325	26473	65226	83717	46238	22961	48584
27018	85646	52971	4228	60188	55529	91545	30477	21966	37281	71463	428	9575	55848	79949	36677	93348	46178	38668	18724
67088	64836	94021	5586	23836	57111	83912	67985	41598	7127	96173	80128	24331	48111	11369	31182	1548	36801	89859	50980
31544	40110	86194	32360	44564	53983	60203	9714	82600	30782	11933	94307	29499	90950	52782	29985	96829	19353	35545	1880
37590	35977	50740	42397	99500	2009	63957	2491	64928	38406	58834	60363	64506	48962	72942	48631	27813	81541	19020	70126
95192	79162	39348	76215	73017	97685	76151	17591	14443	78554	69439	24002	79301	87353	5904	31734	47403	1912	2775	84721
68773	18083	9637	36483	81089	8620	6701	98710	47595	18763	52458	47006	11047	27336	94755	99150	62826	99618	80471	22329
57772	57608	85767	14091	42531	44780	12719	24041	8923	18010	44249	70013	82901	20144	47684	6128	36392	46390	63954	79823
28564	65951	65968	36682	9465	11710	30055	8506	46227	19536	24486	89968	33621	44930	9416	48733	48875	46904	19655	34293
62318	10068	84561	57983	88949	34649	37653	910	56186	56019	26618	24454	17858	39280	64861	47314	61330	96162	33935	33915
86842	67210	90639	42132	37869	37567	28422	74845	4283	79272	74486	66995	83667	10978	11870	21780	37925	15121	37596	34142
11542	23860	18027	65663	2711	85654	64591	74913	67671	42761	52281	97644	39300	34409	24895	52476	5801	73375	99685	29785
13221	76321	61625	46037	33139	69763	93744	9844	99251	95099	62140	49524	82019	40557	18704	99092	49117	1370	88503	75430
12249	8183	20492	9572	54277	89819	36901	67177	41041	21304	91592	360	93285	36104	21790	95030	13490	64544	64496	78161
94843	22187	13692	51866	52983	93242	15456	88829	1508	49524	5149	98810	1672	19447	9424	77631	32112	95157	88510	53411
80842	71492	59152	35592	86536	51535	67975	59481	48202	20856	29777	13610	81475	23494	49815	344	57599	83763	8521	12360
42431	14843	22385	66143	84913	97186	91080	9929	67752	73996	17755	71263	96984	26917	19968	51766	68107	69431	42732	66949
50081	81262	7794	71518	1403	96143	90416	55157	54943	32865	3863	39198	33588	57820	38905	31097	52065	64593	57264	23447
57925	84944	77758	36466	57018	63848	53942	35630	4129	68735	2481	80412	5393	88066	68029	86657	78609	90982	56435	79835
63768	28662	66832	67071	10341	59217	10775	19909	40122	40687	79473	58333	64347	85401	65116	9374	53245	14937	22898	75672
16122	42860	98336	63412	3778	78485	32210	81087	71413	67694	6069	21381	95346	18184	18323	8088	57374	36308	28971	49686
21402	7320	15535	98967	19846	7860	58127	57030	41998	27215	64273	8252	36272	34529	12559	48036	24889	50649	33344	53604
45116	84987	43686	62279	25568	40374	7689	50616	53569	13930	41922	51349	15419	92248	9805	76511	4658	31689	23436	93168
39216	17380	20884	24815	59472	43858	36589	41096	77949	11769	30570	34906	86974	44757	19369	34365	4935	59922	61224	62612
50469	46057	13365	195	19655	87352	92741	87345	15141	89276	77841	63740	22304	32016	74164	33032	52045	50442	15947	19779
68341	30143	48209	18681	66014	19006	44361	85761	95515	26724	28436	79044	2420	47551	46435	20411	90552	24316	62758	30557
77685	93191	42168	74724	41550	13056	25524	40826	68595	72559	46923	13664	38118	16636	84421	75649	20963	3909	27345	84968
89607	9460	18013	92191	99443	54968	77328	92515	43641	13626	34212	97923	49971	12857	29519	43219	13344	11669	32188	32153
6338	28579	99420	20518	92556	68732	98294	35849	30846	24093	65524	32866	83970	77957	96845	34719	70435	10152	81101	90927
12335	33332	92476	89148	4599	26102	11534	50624	3465	72150	9893	54774	37139	75412	38301	45265	97696	2191	52688	81744
82427	45403	20308	9403	7936	9686	93489	95461	45807	25656	79060	47419	97680	51706	46769	8072	12459	80026	81797	13072
14039	29699	40909	67015	50158	9528	87476	62082	11925	13717	6382	72731	70389	64982	25297	11495	98805	99519	44485	49700
73601	27752	10854	97958	29297	7475	60184	58605	65592	64385	94808	64610	16335	19355	81354	70733	9091	54242	40387	50419
59154	32654	705	37342	54786	37450	20366	20362	6855	33825	65694	1353	87260	48023	98827	25833	40438	1335	22117	30991
93157	28617	91327	31663	58532	26157	86983	82529	68194	61647	74565	99302	97604	2540	17291	57277	11526	65685	38817	38438
91874	62033	74443	42160	36284	59089	83066	25309	11326	3440	19555	29440	62459	29217	53182	61041	25422	20447	55833	94367
55795	73021	96824	47082	95009	35723	10359	71483	21072	9609	22986	7464	92515	80025	24353	46086	77376	48990	93310	76556
70245	61010	43181	82610	59602	17454	83820	98946	70961	6154	87851	98538	13765	70350	83029	28164	83185	17202	65509	40491
72946	26039	25876	44547	54977	4332	20272	26352	519	93794	96464	76662	59438	55448	93875	2011	84231	61778	22475	72512
28098	1195	92850	47749	84923	68615	36506	69323	78227	15652	29091	52768	85152	63600	51006	96297	48255	74481	23603	9499
20122	91560	34476	75921	68081	50477	81581	31669	34791	77993	88197	30181	3184	62753	62808	27313	64076	80551	75974	52193
61368	7717	54610	62786	47169	76210	58760	36958	94926	58364	67975	71821	12726	92258	34283	80942	58787	38512	31063	38270
20702	32239	26223	58995	14434	30056	9828	94790	53729	91994	57162	92920	93615	48915	40590	78835	16294	89795	66530	69337
4596	95476	27187	51245	98579	47826	33499	23601	69103	28866	8665	2604	75514	99538	88643	55264	78036	19342	81146	89723
57428	26129	39712	17151	26466	94656	35638	31011	15501	46372	73467	74848	72717	69753	6176	61033	48189	19170	79928	8154
23132	23896	11981	67990	56320	19532	62089	44989	60411	80829	15936	67590	5558	56898	51441	21353	53740	61536	80193	84266
97131	30428	29346	31509	38478	53018	30923	8850	8883	89668	19443	75506	55443	35647	58491	47372	43402	83853	80029	52391
73090	50843	64438	14289	98616	76947	51313	97351	43208	39417	24503	51872	79017	93522	5061	17142	75878	17220	88281	67187
47459	88603	31809	13473	24168	72945	41900	62663	84563	74557	77306	89534	25012	54678	90987	22579	35903	91510	54319	87467
7256	82023	31359	92087	72669	16278	50060	3501	26670	23987	66094	80922	80652	70860	72974	727	46430	44122	47717	94905
7813	70500	38549	54432	17012	19042	16978	92827	52648	71386	24444	65439	58573	90145	400	32538	9859	32517	2977	67804
8775	3050	21313	78945	31854	66819	59828	42639	1613	79768	66710	77192	38739	24833	92234	79503	47768	81199	95683	13742
14874	74514	887	69923	28969	4955	62933	51407	63084	91101	92278	60042	18532	57447	99007	16812	74542	70279	81956	93803
84401	66123	9470	71941	56387	15188	79378	34719	11823	56420	2467	23285	22835	51522	96197	9112	70062	1836	19862	27444
33433	28701	25919	63064	86980	10158	38850	23966	13572	2300	2974	73801	73415	17364	40770	5047	20096	95616	14711	2269
96098	77667	22782	37971	67370	15522	64563	50880	65724	22317	91144	42346	74064	58909	10844	90464	13509	51536	59885	95857
5007	57003	54255	43362	4631	36541	35327	17265	56241	98756	87943	56876	74781	88687	82564	98019	6885	78013	24769	16805
5771	91424	38494	73013	85422	33614	40002	92071	27251	16483	50532	4631	40831	3896	71629	31328	16353	61777	50387	26869
26532	10529	58730	28432	72851	25246	79942	96348	62736	16964	64589	89498	26149	77373	22294	43601	36068	54476	73290	83054
98083	80884	92745	89593	76837	20287	22982	44168	68466	38496	63899	30493	73363	45868	20856	40087	58164	72915	3382	15341
87228	30794	11178	78392	60244	4454	18174	97365	20447	83982	77361	53304	31358	86666	2620	52247	45687	15331	41359	76248
78928	69085	37873	1622	79606	8918	21100	497	29254	13132	94755	16281	73357	48707	68198	93251	70851	95168	9944	65331
26039	31372	76574	60197	32495	9217	51697	69080	47424	89868	84832	61878	10282	60999	84482	3664	93501	64096	80912	34082
33951	43279	95904	51154	97999	91156	97797	1369	42180	8616	35575	5080	82231	58398	91250	24716	21522	7227	14324	94949
83475	40167	36990	83515	73162	7755	72548	67976	9625	62400	7252	13016	85121	41495	91142	45842	21958	98982	98974	34443
52339	90091	66423	4418	60107	13101	65025	98476	54847	28040	36437	51611	81131	5670	81180	49744	31339	54128	52360	94123
82938	96931	97207	16133	10722	71886	94331	88870	20051	28141	26046	41876	39348	80037	45171	30528	10739	78157	689	69158
75319	72796	14727	33074	40956	16208	3897	69646	66689	80756	76265	834	61778	95946	28578	91716	4218	43993	52344	47512
85949	89995	15352	33586	21277	94954	87870	9918	62024	98847	22223	11853	8317	54521	13545	24465	21372	75943	60261	67558
38137	50224	40186	13752	59050	20377	38236	36429	77905	77919	50058	75735	63449	28435	64192	65671	15974	27868	98479	43032
85293	52837	87879	9489	95470	12772	69452	31961	7236	34493	45155	16518	32030	8796	3686	1701	73270	74337	7003	30112
63421	91403	85886	68958	38082	47634	39130	35247	92189	8506	73543	22606	22643	64489	15036	93883	83211	21904	92916	81807
70389	7801	7284	63897	27223	54748	10019	39045	4918	69872	57113	33044	12190	70830	66352	56545	87817	96318	40018	36750
37667	29336	66886	71885	10747	9742	64679	10083	39268	16983	13120	57591	13067	62178	38043	68148	96377	12306	34135	36650
74882	53893	97604	98946	90321	57899	30287	9936	42789	67885	13809	39486	11649	25529	13705	61675	78662	54933	4445	31235
74343	4137	83605	59277	16243	66479	58973	49133	57257	79294	17498	81574	90822	40410	30907	81566	4790	56606	85052	25956
45804	65222	5993	81244	90669	40454	46808	32807	91252	76225	79714	62495	12781	50217	946	21754	44504	4299	1740	16149
56481	49077	9619	52078	74069	29026	85619	69274	52939	3781	20848	91538	59891	8896	83886	35751	18416	78595	5755	6531
85721	3259	31449	13725	63007	77464	1494	39681	82752	34127	55919	38108	13794	80203	17198	743	33846	56825	94791	7442
58535	72224	15248	4914	66273	22936	6812	92302	66158	33792	29201	11857	91278	95090	61015	19042	72471	99943	34357	50806
95942	41812	58369	80485	99932	70009	37939	91065	49967	13646	87783	3838	40710	34470	50666	37399	71606	2315	81895	54639
75500	82026	58398	98991	84779	84659	93850	6479	29405	27380	47525	38864	20833	992	38281	85611	48653	34117	76684	52140
99687	67230	41048	35233	93686	85294	82172	59035	58985	53895	93483	87343	85389	6609	1486	65860	84287	65892	24239	37463
64648	62796	24296	27447	20909	76326	82417	46632	36985	13905	63142	42573	78382	44736	76794	30006	38771	56022	34732	50458
70307	30339	69584	22444	72221	11693	72675	86728	28571	24873	46500	62939	88145	42317	67850	20605	79434	48762	84061	672
50759	8903	37720	50893	6193	82114	62302	78118	5420	41843	39701	12005	34619	80396	18940	45022	99255	34509	38531	39096
77406	21406	339	12773	38285	76602	92165	47365	13120	7960	59619	1194	7107	52969	81513	87222	97670	95448	7990	91010
85649	80915	52524	86021	55044	22507	51922	57716	82609	12239	59812	20975	30587	93371	92963	35212	84251	30079	91672	17815
60184	56198	1414	66799	10533	35538	25383	37586	13736	87827	36097	50962	72333	25987	99959	64493	25947	94831	79738	36305
81686	53308	56171	12473	58326	36035	48625	87875	42393	27101	86039	26117	8029	58028	48630	8854	47121	86391	28499	27606
98768	42135	38517	5077	5851	42475	33002	82131	16865	99532	32262	73113	16801	86101	40658	86872	16438	48442	60170	97902
72200	12980	61611	35278	37983	26802	78963	77521	26317	45722	66642	12609	61164	47227	48328	46837	48129	77923	42300	23204
2384	97642	11244	13515	20888	58631	29860	66377	72879	4079	61998	92590	34789	41402	47528	70834	27476	75695	89414	67426
82340	24903	25893	27848	93837	98390	42308	30380	98538	47393	76900	19640	9682	68308	48373	39775	97323	37026	14895	28468
71205	75616	30237	69657	57900	76077	3596	1055	67129	2449	11677	84844	2770	85007	86017	27825	26653	71409	85754	50854
39003	7951	4100	62706	75515	84272	80085	83249	95203	88829	47438	99224	76128	12058	20679	99901	64880	66014	22952	21207
61261	69524	44410	35047	3523	99590	63182	20095	33458	44044	32917	8400	91960	15245	49736	30072	87270	64490	20180	19266
35033	8234	97608	57523	52973	90353	34624	70837	91750	291	72229	12668	18236	29195	59487	43037	38511	67539	37423	85956
51564	72911	82624	96254	85173	96700	85724	95315	4775	51034	88861	42527	45370	10925	81188	47429	70296	22899	88727	69890
10226	62273	9378	86058	49902	14327	86130	36227	4189	59974	1787	57756	46756	70067	46201	52745	38148	86446	94930	80191
93251	27423	37450	55320	97631	68369	17360	5656	82253	68261	56953	53461	5241	53993	37232	976	60140	31387	51589	25737
5163	11914	45478	69839	79233	35718	56129	87264	47909	73372	32685	82692	36231	88295	59608	22064	25829	98499	6840	3750
90873	15493	11251	69278	1448	82427	53096	59203	23566	7028	42191	26494	34303	65953	10946	16861	87728	15064	26064	4067
73439	71876	69750	62178	93753	58682	34982	19706	42310	53771	92287	453	6961	96744	34327	31584	36815	33607	20839	12307
9158	52170	3236	80914	17016	32522	20377	30547	56055	96982	18853	43435	29427	95925	48569	50537	54060	47970	19851	53526
66224	61924	60168	61313	75857	55935	35668	47749	67620	22230	56901	14331	45793	32281	55235	29909	16751	80914	98035	11935
73738	6056	3434	75135	49611	25990	58482	58241	61724	38794	50421	65485	2365	19569	62404	61503	8614	52589	34942	56591
62028	1115	79509	79498	29526	6373	27389	71056	8814	71704	20147	14401	63650	12007	65044	86530	94975	67789	36390	16886
43178	22575	16406	36297	43169	27067	6156	20837	34010	59893	28628	71745	86328	77397	68865	9831	6604	50527	8383	80524
38876	30038	38867	82101	44243	42355	30784	65700	1664	21578	57232	90239	37654	89118	32707	4892	67174	41656	31943	5684
79428	54566	67040	9774	37099	96538	88672	69441	81773	18190	55185	62968	64559	24908	94814	75342	98031	48689	27124	21593
97995	75055	28005	76685	9046	96761	63513	33066	97603	8559	6305	10781	81568	36758	89319	91859	12214	58087	85952	69916
69007	37063	27035	21261	18945	15579	10406	14845	77467	13017	77628	48628	46758	71910	79	12650	1480	23923	25471	96801
56327	27060	40955	24568	85398	22439	17371	65272	54481	8880	34912	80507	60915	75392	55446	76509	27700	48758	2829	95185
9009	91237	18736	90106	52137	39950	28453	6772	75833	88442	3823	23858	17304	39525	18348	25080	47690	31949	49553	56202
71743	83578	22504	75774	86824	25041	51131	51962	41910	81811	11308	4238	74867	38928	44322	21703	40124	63008	66747	69261
74933	88969	75832	58064	78003	54976	54434	46903	21570	75825	59700	36301	44481	68282	24040	9860	11630	79876	60891	51023
17632	8031	13148	60115	32562	34199	67589	33461	10803	47246	35012	34834	93354	62845	7179	59667	35026	78557	30002	11134
34030	9507	9020	13198	26181	91057	517	45010	42979	80737	51405	29511	93189	92069	29037	10759	75452	80897	24046	8493
59679	33305	78373	35180	67322	34518	84777	60681	85680	69908	47039	51131	9510	60348	13268	4159	81420	30067	52879	52659
98011	72410	50880	33043	45548	46918	80613	50144	66086	47288	81757	82865	32149	70404	6047	1137	21549	72604	50027	49470
29963	14424	39310	31158	5608	73629	7450	47707	48112	1495	16669	65665	56967	95256	36556	84184	7358	98053	90867	8537
83029	60375	96993	83617	81982	21251	28189	22096	97319	2725	23941	62982	24532	7815	4387	91728	81618	1226	29735	68458
41870	40104	76663	51325	95701	40525	30886	75278	45153	78707	21203	25568	16965	46062	71920	85551	95179	86468	59834	58865
78398	74270	60479	40746	70480	35935	23532	68804	180	30496	39160	23442	57092	14107	70682	82951	59329	81459	66674	67972
90685	42459	22941	71160	5572	35173	36687	56590	91844	24931	96047	60219	53211	84259	68185	24745	2875	22115	69070	79873
35277	9592	12376	58416	22139	32503	96002	23646	5174	7128	62194	50792	85081	86960	24441	59116	74676	63092	82241	30246
35801	21583	64707	10137	20849	89197	19314	18382	7075	29613	30433	19397	86043	41000	3165	77232	44226	89226	97784	76380
40500	5574	78717	98979	32464	22552	13442	59221	39067	63927	6268	33280	45338	92225	95948	58819	22997	63452	29096	315
86795	19383	77115	9107	24375	31616	66015	91606	6045	62595	50121	2057	8070	98404	22106	37558	84371	70649	35750	14529
94252	92959	77611	16689	38084	35370	62556	96252	95698	57708	51700	83297	47260	63259	1065	21073	87271	9583	84448	75529
68886	5947	88038	26225	25704	41418	74123	54477	65583	61409	81008	81579	89734	72887	46862	99820	16050	19465	60236	33609
11202	4981	93867	54997	25166	87287	86587	25411	6216	87267	7081	44754	27007	17026	62747	27629	24033	86771	55589	82758
36851	34512	73531	65363	10680	17413	25835	72436	9790	70750	35559	96277	63003	89330	81723	85674	59124	81243	37074	10706
57169	28055	2020	88213	32385	99777	72009	31582	98802	95623	77119	97613	21640	5011	12106	61804	66032	88885	29899	98840
41222	3318	91319	56336	77242	8812	53798	69647	28672	26945	4139	66872	38680	56978	6711	22394	62296	86093	33361	2365